Easy:

2 9 0  6 0 8  0 7 0
0 7 0  2 0 1  0 0 6
8 6 5  0 4 0  0 1 2

0 0 0  0 0 0  0 5 0
6 0 7  0 0 9  4 0 8
0 0 0  0 2 5  0 0 9

1 8 9  3 6 7  0 4 5
5 2 6  0 1 0  8 0 7
7 0 0  0 0 2  0 0 1


Medium:

1 0 0  0 0 5  0 0 4
0 2 3  4 0 6  0 5 0
0 0 0  0 0 0  0 6 0

9 0 4  0 0 0  0 7 0
0 0 0  5 6 7  0 0 0
0 5 0  0 0 0  8 0 3

0 4 0  0 0 0  0 0 0
0 3 0  7 0 1  9 8 0
2 0 0  8 0 0  0 0 7


0 0 0  2 0 0  0 6 3
3 0 0  0 0 5  4 0 1
0 0 1  0 0 3  9 8 0

0 0 0  0 0 0  0 9 0
0 0 0  5 3 8  0 0 0
0 3 0  0 0 0  0 0 0

0 2 6  3 0 0  5 0 0
5 0 3  7 0 0  0 0 8
4 7 0  0 0 1  0 0 0


Hard:

9 0 0  1 # 4  0 0 2
0 8 0  0 6 0  0 7 0
0 0 0  0 0 0  0 0 0

4 0 0  0 0 0  0 0 1
0 7 0  0 0 0  0 3 0
3 0 0  0 0 0  0 0 7

0 0 0  0 0 0  0 0 0
0 3 0  0 7 0  0 8 0
1 0 0  2 0 9  0 0 4